#loofreq(GHz) dummy dummy
5.430000000  0	  0
#res freq(GHz)	  relAtten
0    5.447403188  0 
1    5.455406963  0
2    5.461590040  0
3    5.467034902  0
4    5.473671074  0
5    5.479737194  0
6    5.485794519  0
7    5.492082074  0
8    5.497688780  0
9    5.503759660  0
10   5.511108357  0
11   5.516652881  0
12   5.523063208  0
13   5.529098768  0
14   5.534517961  0
15   5.540725953  0
16   5.546411176  0
17   5.553004115  0
18   5.560752415  0
19   5.566685127  0
20   5.572507792  0
21   5.579007771  0
22   5.585429418  0
23   5.591732676  0
24   5.597743988  0
25   5.604351571  0
26   5.610155603  0
27   5.617265314  0
28   5.623611150  0
29   5.629388359  0
30   5.635883485  0
31   5.642224285  0
32   5.648872656  0
33   5.655004574  0
34   5.661366210  0
